signal = 0
scenario = /Users/Roman/Project2-2/Explorer/src/main/testmap.txt
guard = 0 1 2.0 3.2330745731728046 0.8702560784298109 0.0
guard = 1 1 3.16655096356698 6.594491539477001 1.2893449303723985 0.0
guard = 2 1 3.9397014965698087 3.8965162555337542 5.066093389113907 0.0
